3.5310E+05
-1.0925E+05
-1.1448E+05
-1.1725E+05
-1.1899E+05
-1.2028E+05
-1.2134E+05
-1.2219E+05
-1.2295E+05
-1.2358E+05
-1.2417E+05
-1.2732E+05
:-1.2814E+05
-1.2908E+05
-1.3017E+05
-1.3079E+05
-1.3118E+05
-1.3150E+05
-1.3178E+05
-1.3207E+05
-1.3229E+05
-1.3250E+05
-1.3270E+05
-1.3288E+05
-1.3310E+05
-1.3333E+05
-1.3354E+05
-1.3375E+05
-1.3392E+05
-1.3410E+05
-1.3426E+05
-1.3440E+05
-1.3453E+05
-1.3465E+05
-1.3479E+05
-1.3491E+05
-1.3506E+05
-1.3520E+05
-1.3542E+05
-1.3553E+05
-1.3560E+05
-1.3568E+05
-1.3580E+05
-1.3588E+05
-1.3594E+05
-1.3601E+05
-1.3608E+05
-1.3614E+05
-1.3620E+05
-1.3626E+05
-1.3633E+05
-1.3638E+05
-1.3644E+05
-1.3649E+05
-1.3654E+05
-1.3660E+05
-1.3666E+05
-1.3678E+05
-1.3682E+05
-1.3686E+05
-1.3690E+05
-1.3693E+05
-1.3698E+05
-1.3703E+05
-1.3710E+05
-1.3717E+05
-1.3721E+05
-1.3724E+05
-1.3727E+05
-1.3729E+05
-1.3732E+05
-1.3734E+05
-1.3736E+05
-1.3739E+05
-1.3741E+05
-1.3743E+05
-1.3745E+05
-1.3747E+05
-1.3750E+05
-1.3752E+05
-1.3754E+05
-1.3757E+05
-1.3759E+05
-1.3761E+05
-1.3764E+05
-1.3766E+05
-1.3768E+05
-1.3770E+05
-1.3773E+05
-1.3776E+05
-1.3779E+05
-1.3784E+05
-1.3786E+05
-1.3787E+05
-1.3789E+05
-1.3790E+05
-1.3791E+05
-1.3793E+05
-1.3794E+05
-1.3796E+05
-1.3798E+05
-1.3799E+05
-1.3801E+05
-1.3803E+05
-1.3804E+05
-1.3806E+05
-1.3807E+05
-1.3808E+05
-1.3810E+05
-1.3811E+05
-1.3812E+05
-1.3813E+05
-1.3815E+05
-1.3816E+05
-1.3817E+05
-1.3818E+05
-1.3819E+05
-1.3820E+05
-1.3821E+05
-1.3822E+05
-1.3823E+05
-1.3824E+05
-1.3826E+05
-1.3827E+05
-1.3829E+05
-1.3830E+05
-1.3831E+05
-1.3833E+05
-1.3834E+05
-1.3835E+05
-1.3837E+05
-1.3838E+05
-1.3839E+05
-1.3840E+05
-1.3841E+05
-1.3842E+05
-1.3843E+05
-1.3844E+05
-1.3846E+05
-1.3847E+05
-1.3848E+05
-1.3849E+05
-1.3850E+05
-1.3851E+05
-1.3852E+05
-1.3853E+05
-1.3854E+05
-1.3855E+05
-1.3855E+05
-1.3856E+05
-1.3857E+05
-1.3858E+05
-1.3859E+05
-1.3860E+05
-1.3860E+05
-1.3861E+05
-1.3862E+05
-1.3863E+05
-1.3864E+05
-1.3865E+05
-1.3867E+05
-1.3869E+05
-1.3871E+05
-1.3872E+05
-1.3874E+05
-1.3875E+05
-1.3876E+05
-1.3878E+05
-1.3879E+05
-1.3880E+05
-1.3881E+05
-1.3882E+05
-1.3883E+05
-1.3883E+05
-1.3884E+05
-1.3885E+05
-1.3886E+05
-1.3887E+05
-1.3888E+05
-1.3889E+05
-1.3890E+05
-1.3891E+05
-1.3892E+05
-1.3893E+05
-1.3894E+05
-1.3896E+05
-1.3897E+05
-1.3897E+05
-1.3898E+05
-1.3899E+05
-1.3899E+05
-1.3900E+05
-1.3900E+05
-1.3901E+05
-1.3902E+05
-1.3902E+05
-1.3903E+05
-1.3904E+05
-1.3905E+05
-1.3906E+05
-1.3907E+05
-1.3908E+05
-1.3909E+05
-1.3910E+05
-1.3912E+05
-1.3913E+05
-1.3914E+05
-1.3915E+05
-1.3916E+05
-1.3917E+05
-1.3918E+05
-1.3919E+05
-1.3920E+05
-1.3921E+05
-1.3922E+05
-1.3923E+05
-1.3924E+05
-1.3924E+05
-1.3925E+05
-1.3926E+05
-1.3926E+05
-1.3927E+05
-1.3927E+05
-1.3928E+05
-1.3929E+05
-1.3929E+05
-1.3930E+05
-1.3931E+05
-1.3931E+05
-1.3932E+05
-1.3932E+05
-1.3933E+05
-1.3934E+05
-1.3934E+05
-1.3935E+05
-1.3936E+05
-1.3936E+05
-1.3937E+05
-1.3939E+05
-1.3940E+05
-1.3941E+05
-1.3942E+05
-1.3943E+05
-1.3943E+05
-1.3944E+05
-1.3945E+05
-1.3945E+05
-1.3946E+05
-1.3946E+05
-1.3947E+05
-1.3948E+05
-1.3949E+05
-1.3949E+05
-1.3950E+05
-1.3950E+05
-1.3950E+05
-1.3951E+05
-1.3951E+05
-1.3952E+05
-1.3952E+05
-1.3953E+05
-1.3953E+05
-1.3954E+05
-1.3954E+05
-1.3955E+05
-1.3955E+05
-1.3955E+05
-1.3956E+05
-1.3956E+05
-1.3956E+05
-1.3957E+05
-1.3957E+05
-1.3957E+05
-1.3958E+05
-1.3959E+05
-1.3959E+05
-1.3960E+05
-1.3960E+05
-1.3961E+05
-1.3962E+05
-1.3962E+05
-1.3963E+05
-1.3963E+05
-1.3964E+05
-1.3965E+05
-1.3965E+05
-1.3965E+05
-1.3966E+05
-1.3966E+05
-1.3966E+05
-1.3967E+05
-1.3967E+05
-1.3967E+05
-1.3968E+05
-1.3968E+05
-1.3969E+05
-1.3969E+05
-1.3970E+05
-1.3970E+05
-1.3970E+05
-1.3971E+05
-1.3971E+05
-1.3971E+05
-1.3972E+05
-1.3972E+05
-1.3972E+05
-1.3973E+05
-1.3973E+05
-1.3974E+05
-1.3974E+05
-1.3974E+05
-1.3975E+05
-1.3975E+05
-1.3975E+05
-1.3975E+05
-1.3975E+05
-1.3976E+05
-1.3976E+05
-1.3976E+05
-1.3976E+05
-1.3977E+05
-1.3977E+05
-1.3977E+05
-1.3977E+05
-1.3978E+05
-1.3978E+05
-1.3978E+05
-1.3979E+05
-1.3979E+05
-1.3979E+05
-1.3980E+05
-1.3980E+05
-1.3981E+05
-1.3982E+05
-1.3982E+05
-1.3982E+05
-1.3982E+05
-1.3983E+05
-1.3983E+05
-1.3983E+05
-1.3984E+05
-1.3984E+05
-1.3985E+05
-1.3985E+05
-1.3985E+05
-1.3986E+05
-1.3986E+05
-1.3986E+05
-1.3987E+05
-1.3987E+05
-1.3987E+05
-1.3988E+05
-1.3988E+05
-1.3988E+05
-1.3989E+05
-1.3989E+05
-1.3989E+05
-1.3989E+05
-1.3990E+05
-1.3990E+05
-1.3990E+05
-1.3990E+05
-1.3991E+05
-1.3991E+05
-1.3991E+05
-1.3991E+05
-1.3992E+05
-1.3992E+05
-1.3992E+05
-1.3992E+05
-1.3992E+05
-1.3993E+05
-1.3993E+05
-1.3993E+05
-1.3994E+05
-1.3994E+05
-1.3995E+05
-1.3995E+05
-1.3995E+05
-1.3995E+05
-1.3996E+05
-1.3996E+05
-1.3996E+05
-1.3996E+05
-1.3997E+05
-1.3997E+05
-1.3997E+05
-1.3997E+05
-1.3998E+05
-1.3998E+05
-1.3998E+05
-1.3998E+05
-1.3999E+05
-1.3999E+05
-1.3999E+05
-1.3999E+05
-1.4000E+05
-1.4000E+05
-1.4000E+05
-1.4000E+05
-1.4000E+05
-1.4001E+05
-1.4001E+05
-1.4001E+05
-1.4001E+05
-1.4002E+05
-1.4002E+05
-1.4003E+05
-1.4003E+05
-1.4003E+05
-1.4003E+05
-1.4003E+05
-1.4004E+05
-1.4004E+05
-1.4004E+05
-1.4004E+05
-1.4005E+05
-1.4005E+05
-1.4005E+05
-1.4005E+05
-1.4005E+05
-1.4006E+05
-1.4006E+05
-1.4007E+05
-1.4007E+05
-1.4007E+05
-1.4008E+05
-1.4008E+05
-1.4008E+05
-1.4008E+05
-1.4009E+05
-1.4009E+05
-1.4009E+05
-1.4009E+05
-1.4009E+05
-1.4009E+05
-1.4010E+05
-1.4010E+05
-1.4010E+05
-1.4010E+05
-1.4010E+05
-1.4011E+05
-1.4011E+05
-1.4011E+05
-1.4011E+05
-1.4011E+05
-1.4011E+05
-1.4011E+05
-1.4012E+05
-1.4012E+05
-1.4012E+05
-1.4012E+05
-1.4012E+05
-1.4013E+05
-1.4013E+05
-1.4013E+05
-1.4013E+05
-1.4013E+05
-1.4014E+05
-1.4014E+05
-1.4014E+05
-1.4014E+05
-1.4014E+05
-1.4014E+05
-1.4014E+05
-1.4015E+05
-1.4015E+05
-1.4015E+05
-1.4016E+05
-1.4016E+05
-1.4016E+05
-1.4016E+05
-1.4016E+05
-1.4016E+05
-1.4017E+05
-1.4017E+05
-1.4017E+05
-1.4017E+05
-1.4017E+05
-1.4017E+05
-1.4017E+05
-1.4017E+05
-1.4018E+05
-1.4018E+05
-1.4018E+05
-1.4018E+05
-1.4018E+05
-1.4018E+05
-1.4018E+05
-1.4018E+05
-1.4018E+05
-1.4019E+05
-1.4019E+05
-1.4019E+05
-1.4019E+05
-1.4019E+05
-1.4020E+05
-1.4020E+05
-1.4020E+05
-1.4020E+05
-1.4020E+05
-1.4020E+05
