-1.4065E+05
-1.4141E+05
-1.4156E+05
-1.4165E+05
-1.4171E+05
-1.4175E+05
-1.4178E+05
-1.4181E+05
-1.4183E+05
-1.4185E+05
-1.4186E+05
-1.4200E+05
-1.4202E+05
-1.4204E+05
-1.4206E+05
-1.4207E+05
-1.4208E+05
-1.4209E+05
-1.4210E+05
-1.4211E+05
-1.4212E+05
-1.4213E+05
-1.4214E+05
-1.4215E+05
-1.4216E+05
-1.4216E+05
-1.4217E+05
-1.4218E+05
-1.4219E+05
-1.4219E+05
-1.4221E+05
-1.4222E+05
-1.4222E+05
-1.4223E+05
-1.4224E+05
-1.4224E+05
-1.4225E+05
-1.4225E+05
-1.4226E+05
-1.4226E+05
-1.4227E+05
-1.4227E+05
-1.4228E+05
-1.4228E+05
-1.4229E+05
-1.4229E+05
-1.4229E+05
-1.4229E+05
-1.4230E+05
-1.4230E+05
-1.4230E+05
-1.4230E+05
-1.4231E+05
-1.4231E+05
-1.4231E+05
-1.4232E+05
-1.4232E+05
-1.4233E+05
-1.4233E+05
-1.4233E+05
-1.4233E+05
-1.4234E+05
-1.4234E+05
-1.4235E+05
-1.4235E+05
-1.4235E+05
-1.4235E+05
-1.4236E+05
-1.4236E+05
-1.4237E+05
-1.4237E+05
-1.4237E+05
-1.4238E+05
-1.4238E+05
-1.4238E+05
-1.4238E+05
-1.4239E+05
-1.4240E+05
-1.4240E+05
-1.4241E+05
-1.4241E+05
-1.4241E+05
-1.4241E+05
-1.4241E+05
-1.4241E+05
-1.4242E+05
-1.4242E+05
-1.4242E+05
-1.4243E+05
-1.4243E+05
-1.4243E+05
-1.4243E+05
-1.4243E+05
-1.4243E+05
-1.4243E+05
-1.4244E+05
-1.4244E+05
-1.4244E+05
-1.4244E+05
-1.4244E+05
-1.4245E+05
-1.4245E+05
-1.4245E+05
-1.4245E+05
-1.4245E+05
-1.4245E+05
-1.4245E+05
-1.4245E+05
-1.4245E+05
-1.4245E+05
-1.4246E+05
-1.4246E+05
-1.4246E+05
-1.4246E+05
-1.4246E+05
-1.4246E+05
-1.4246E+05
-1.4246E+05
-1.4246E+05
-1.4246E+05
-1.4247E+05
-1.4247E+05
-1.4247E+05
-1.4247E+05
-1.4247E+05
-1.4247E+05
-1.4247E+05
-1.4248E+05
-1.4248E+05
-1.4248E+05
-1.4248E+05
-1.4249E+05
-1.4249E+05
-1.4249E+05
-1.4249E+05
-1.4249E+05
-1.4249E+05
-1.4249E+05
-1.4249E+05
-1.4249E+05
