Run semi-empirical minimization
 &qmmm
    qm_theory='AM1', grms_tol=0.0005,
 scfconv=1.d-10, ndiis_attempts=700,   qmcharge=0,
 /
   7    N1       -0.8870       -2.4570       -1.6710 
   6   CA1       -1.7960       -1.6130       -0.8830 
   6   CB1       -2.0510       -2.2680        0.4760 
   6   CG1       -2.5690       -3.6930        0.2670 
   8   OG1       -0.8320       -2.3090        1.2210 
   6    C1       -1.1710       -0.2570       -0.6780 
   7    N2        0.1000       -0.0540       -0.5230 
   7    N3       -1.8710        0.9160       -0.6370 
   6    C2       -0.9960        1.9270       -0.4390 
   8    O2       -1.2480        3.1150       -0.3470 
   6   CA2        0.3270        1.2850       -0.3620 
   6   CA3       -3.3220        1.0540       -0.7830 
   6    C3       -3.9740        0.9600        0.5720 
   8    O3       -3.2970        0.7940        1.5590 
   6   CB2        1.5430        1.9040       -0.1690 
   6   CG2        2.7570        1.1010       -0.0080 
   6   CD1        2.7090       -0.2900       -0.1800 
   6   CD2        3.9730        1.7210        0.3130 
   6   CE1        3.8500       -1.0350       -0.0330 
   6   CE2        5.1070        0.9640        0.4630 
   6    CZ        5.0540       -0.4150        0.2850 
   8    OH        6.1800       -1.1580        0.4290 
   8   OXT       -5.3080        1.0600        0.6820 
   1  HN11       -0.0040       -2.5760       -1.1980 
   1    H2       -1.3110       -3.3490       -1.8770 
   1   HA1       -2.7410       -1.5010       -1.4150 
   1   HB1       -2.7930       -1.6890        1.0260 
   1  HG11       -1.8270       -4.2720       -0.2830 
   1  HG12       -2.7500       -4.1590        1.2350 
   1  HG13       -3.4990       -3.6610       -0.3010 
   1  HOG1       -0.1250       -2.8100        0.7910 
   1  HA31       -3.5510        2.0210       -1.2310 
   1  HA32       -3.7000        0.2580       -1.4250 
   1   HXT       -5.6810        0.9940        1.5720 
   1   HB2        1.6000        2.9820       -0.1380 
   1   HD1        1.7750       -0.7720       -0.4270 
   1   HD2        4.0170        2.7920        0.4420 
   1   HE1        3.8160       -2.1060       -0.1700 
   1   HE2        6.0440        1.4400        0.7100 
   1   HOH        6.6820       -1.2740       -0.3890 

