1	3.5310E+05
50	-1.0925E+05
100	-1.1448E+05
150	-1.1725E+05
200	-1.1899E+05
250	-1.2028E+05
300	-1.2134E+05
350	-1.2219E+05
400	-1.2295E+05
450	-1.2358E+05
500	-1.2417E+05
550	-1.2732E+05
600	-1.2814E+05
650	-1.2908E+05
700	-1.3017E+05
750	-1.3079E+05
800	-1.3118E+05
850	-1.3150E+05
900	-1.3178E+05
950	-1.3207E+05
1000	-1.3229E+05
1050	-1.3250E+05
1100	-1.3270E+05
1150	-1.3288E+05
1200	-1.3310E+05
1250	-1.3333E+05
1300	-1.3354E+05
1350	-1.3375E+05
1400	-1.3392E+05
1450	-1.3410E+05
1500	-1.3426E+05
1550	-1.3440E+05
1600	-1.3453E+05
1650	-1.3465E+05
1700	-1.3479E+05
1750	-1.3491E+05
1800	-1.3506E+05
1850	-1.3520E+05
1900	-1.3542E+05
1950	-1.3553E+05
2000	-1.3560E+05
2050	-1.3568E+05
2100	-1.3580E+05
2150	-1.3588E+05
2200	-1.3594E+05
2250	-1.3601E+05
2300	-1.3608E+05
2350	-1.3614E+05
2400	-1.3620E+05
2450	-1.3626E+05
2500	-1.3633E+05
2550	-1.3638E+05
2600	-1.3644E+05
2650	-1.3649E+05
2700	-1.3654E+05
2750	-1.3660E+05
2800	-1.3666E+05
2850	-1.3678E+05
2900	-1.3682E+05
2950	-1.3686E+05
3000	-1.3690E+05
3050	-1.3693E+05
3100	-1.3698E+05
3150	-1.3703E+05
3200	-1.3710E+05
3250	-1.3717E+05
3300	-1.3721E+05
3350	-1.3724E+05
3400	-1.3727E+05
3450	-1.3729E+05
3500	-1.3732E+05
3550	-1.3734E+05
3600	-1.3736E+05
3650	-1.3739E+05
3700	-1.3741E+05
3750	-1.3743E+05
3800	-1.3745E+05
3850	-1.3747E+05
3900	-1.3750E+05
3950	-1.3752E+05
4000	-1.3754E+05
4050	-1.3757E+05
4100	-1.3759E+05
4150	-1.3761E+05
4200	-1.3764E+05
4250	-1.3766E+05
4300	-1.3768E+05
4350	-1.3770E+05
4400	-1.3773E+05
4450	-1.3776E+05
4500	-1.3779E+05
4550	-1.3784E+05
4600	-1.3786E+05
4650	-1.3787E+05
4700	-1.3789E+05
4750	-1.3790E+05
4800	-1.3791E+05
4850	-1.3793E+05
4900	-1.3794E+05
4950	-1.3796E+05
5000	-1.3798E+05
5050	-1.3799E+05
5100	-1.3801E+05
5150	-1.3803E+05
5200	-1.3804E+05
5250	-1.3806E+05
5300	-1.3807E+05
5350	-1.3808E+05
5400	-1.3810E+05
5450	-1.3811E+05
5500	-1.3812E+05
5550	-1.3813E+05
5600	-1.3815E+05
5650	-1.3816E+05
5700	-1.3817E+05
5750	-1.3818E+05
5800	-1.3819E+05
5850	-1.3820E+05
5900	-1.3821E+05
5950	-1.3822E+05
6000	-1.3823E+05
6050	-1.3824E+05
6100	-1.3826E+05
6150	-1.3827E+05
6200	-1.3829E+05
6250	-1.3830E+05
6300	-1.3831E+05
6350	-1.3833E+05
6400	-1.3834E+05
6450	-1.3835E+05
6500	-1.3837E+05
6550	-1.3838E+05
6600	-1.3839E+05
6650	-1.3840E+05
6700	-1.3841E+05
6750	-1.3842E+05
6800	-1.3843E+05
6850	-1.3844E+05
6900	-1.3846E+05
6950	-1.3847E+05
7000	-1.3848E+05
7050	-1.3849E+05
7100	-1.3850E+05
7150	-1.3851E+05
7200	-1.3852E+05
7250	-1.3853E+05
7300	-1.3854E+05
7350	-1.3855E+05
7400	-1.3855E+05
7450	-1.3856E+05
7500	-1.3857E+05
7550	-1.3858E+05
7600	-1.3859E+05
7650	-1.3860E+05
7700	-1.3860E+05
7750	-1.3861E+05
7800	-1.3862E+05
7850	-1.3863E+05
7900	-1.3864E+05
7950	-1.3865E+05
8000	-1.3867E+05
8050	-1.3869E+05
8100	-1.3871E+05
8150	-1.3872E+05
8200	-1.3874E+05
8250	-1.3875E+05
8300	-1.3876E+05
8350	-1.3878E+05
8400	-1.3879E+05
8450	-1.3880E+05
8500	-1.3881E+05
8550	-1.3882E+05
8600	-1.3883E+05
8650	-1.3883E+05
8700	-1.3884E+05
8750	-1.3885E+05
8800	-1.3886E+05
8850	-1.3887E+05
8900	-1.3888E+05
8950	-1.3889E+05
9000	-1.3890E+05
9050	-1.3891E+05
9100	-1.3892E+05
9150	-1.3893E+05
9200	-1.3894E+05
9250	-1.3896E+05
9300	-1.3897E+05
9350	-1.3897E+05
9400	-1.3898E+05
9450	-1.3899E+05
9500	-1.3899E+05
9550	-1.3900E+05
9600	-1.3900E+05
9650	-1.3901E+05
9700	-1.3902E+05
9750	-1.3902E+05
9800	-1.3903E+05
9850	-1.3904E+05
9900	-1.3905E+05
9950	-1.3906E+05
10000	-1.3907E+05
10050	-1.3908E+05
10100	-1.3909E+05
10150	-1.3910E+05
10200	-1.3912E+05
10250	-1.3913E+05
10300	-1.3914E+05
10350	-1.3915E+05
10400	-1.3916E+05
10450	-1.3917E+05
10500	-1.3918E+05
10550	-1.3919E+05
10600	-1.3920E+05
10650	-1.3921E+05
10700	-1.3922E+05
10750	-1.3923E+05
10800	-1.3924E+05
10850	-1.3924E+05
10900	-1.3925E+05
10950	-1.3926E+05
11000	-1.3926E+05
11050	-1.3927E+05
11100	-1.3927E+05
11150	-1.3928E+05
11200	-1.3929E+05
11250	-1.3929E+05
11300	-1.3930E+05
11350	-1.3931E+05
11400	-1.3931E+05
11450	-1.3932E+05
11500	-1.3932E+05
11550	-1.3933E+05
11600	-1.3934E+05
11650	-1.3934E+05
11700	-1.3935E+05
11750	-1.3936E+05
11800	-1.3936E+05
11850	-1.3937E+05
11900	-1.3939E+05
11950	-1.3940E+05
12000	-1.3941E+05
12050	-1.3942E+05
12100	-1.3943E+05
12150	-1.3943E+05
12200	-1.3944E+05
12250	-1.3945E+05
12300	-1.3945E+05
12350	-1.3946E+05
12400	-1.3946E+05
12450	-1.3947E+05
12500	-1.3948E+05
12550	-1.3949E+05
12600	-1.3949E+05
12650	-1.3950E+05
12700	-1.3950E+05
12750	-1.3950E+05
12800	-1.3951E+05
12850	-1.3951E+05
12900	-1.3952E+05
12950	-1.3952E+05
13000	-1.3953E+05
13050	-1.3953E+05
13100	-1.3954E+05
13150	-1.3954E+05
13200	-1.3955E+05
13250	-1.3955E+05
13300	-1.3955E+05
13350	-1.3956E+05
13400	-1.3956E+05
13450	-1.3956E+05
13500	-1.3957E+05
13550	-1.3957E+05
13600	-1.3957E+05
13650	-1.3958E+05
13700	-1.3959E+05
13750	-1.3959E+05
13800	-1.3960E+05
13850	-1.3960E+05
13900	-1.3961E+05
13950	-1.3962E+05
14000	-1.3962E+05
14050	-1.3963E+05
14100	-1.3963E+05
14150	-1.3964E+05
14200	-1.3965E+05
14250	-1.3965E+05
14300	-1.3965E+05
14350	-1.3966E+05
14400	-1.3966E+05
14450	-1.3966E+05
14500	-1.3967E+05
14550	-1.3967E+05
14600	-1.3967E+05
14650	-1.3968E+05
14700	-1.3968E+05
14750	-1.3969E+05
14800	-1.3969E+05
14850	-1.3970E+05
14900	-1.3970E+05
14950	-1.3970E+05
15000	-1.3971E+05
15050	-1.3971E+05
15100	-1.3971E+05
15150	-1.3972E+05
15200	-1.3972E+05
15250	-1.3972E+05
15300	-1.3973E+05
15350	-1.3973E+05
15400	-1.3974E+05
15450	-1.3974E+05
15500	-1.3974E+05
15550	-1.3975E+05
15600	-1.3975E+05
15650	-1.3975E+05
15700	-1.3975E+05
15750	-1.3975E+05
15800	-1.3976E+05
15850	-1.3976E+05
15900	-1.3976E+05
15950	-1.3976E+05
16000	-1.3977E+05
16050	-1.3977E+05
16100	-1.3977E+05
16150	-1.3977E+05
16200	-1.3978E+05
16250	-1.3978E+05
16300	-1.3978E+05
16350	-1.3979E+05
16400	-1.3979E+05
16450	-1.3979E+05
16500	-1.3980E+05
16550	-1.3980E+05
16600	-1.3981E+05
16650	-1.3982E+05
16700	-1.3982E+05
16750	-1.3982E+05
16800	-1.3982E+05
16850	-1.3983E+05
16900	-1.3983E+05
16950	-1.3983E+05
17000	-1.3984E+05
17050	-1.3984E+05
17100	-1.3985E+05
17150	-1.3985E+05
17200	-1.3985E+05
17250	-1.3986E+05
17300	-1.3986E+05
17350	-1.3986E+05
17400	-1.3987E+05
17450	-1.3987E+05
17500	-1.3987E+05
17550	-1.3988E+05
17600	-1.3988E+05
17650	-1.3988E+05
17700	-1.3989E+05
17750	-1.3989E+05
17800	-1.3989E+05
17850	-1.3989E+05
17900	-1.3990E+05
17950	-1.3990E+05
18000	-1.3990E+05
18050	-1.3990E+05
18100	-1.3991E+05
18150	-1.3991E+05
18200	-1.3991E+05
18250	-1.3991E+05
18300	-1.3992E+05
18350	-1.3992E+05
18400	-1.3992E+05
18450	-1.3992E+05
18500	-1.3992E+05
18550	-1.3993E+05
18600	-1.3993E+05
18650	-1.3993E+05
18700	-1.3994E+05
18750	-1.3994E+05
18800	-1.3995E+05
18850	-1.3995E+05
18900	-1.3995E+05
18950	-1.3995E+05
19000	-1.3996E+05
19050	-1.3996E+05
19100	-1.3996E+05
19150	-1.3996E+05
19200	-1.3997E+05
19250	-1.3997E+05
19300	-1.3997E+05
19350	-1.3997E+05
19400	-1.3998E+05
19450	-1.3998E+05
19500	-1.3998E+05
19550	-1.3998E+05
19600	-1.3999E+05
19650	-1.3999E+05
19700	-1.3999E+05
19750	-1.3999E+05
19800	-1.4000E+05
19850	-1.4000E+05
19900	-1.4000E+05
19950	-1.4000E+05
20000	-1.4000E+05
20050	-1.4001E+05
20100	-1.4001E+05
20150	-1.4001E+05
20200	-1.4001E+05
20250	-1.4002E+05
20300	-1.4002E+05
20350	-1.4003E+05
20400	-1.4003E+05
20450	-1.4003E+05
20500	-1.4003E+05
20550	-1.4003E+05
20600	-1.4004E+05
20650	-1.4004E+05
20700	-1.4004E+05
20750	-1.4004E+05
20800	-1.4005E+05
20850	-1.4005E+05
20900	-1.4005E+05
20950	-1.4005E+05
21000	-1.4005E+05
21050	-1.4006E+05
21100	-1.4006E+05
21150	-1.4007E+05
21200	-1.4007E+05
21250	-1.4007E+05
21300	-1.4008E+05
21350	-1.4008E+05
21400	-1.4008E+05
21450	-1.4008E+05
21500	-1.4009E+05
21550	-1.4009E+05
21600	-1.4009E+05
21650	-1.4009E+05
21700	-1.4009E+05
21750	-1.4009E+05
21800	-1.4010E+05
21850	-1.4010E+05
21900	-1.4010E+05
21950	-1.4010E+05
22000	-1.4010E+05
22050	-1.4011E+05
22100	-1.4011E+05
22150	-1.4011E+05
22200	-1.4011E+05
22250	-1.4011E+05
22300	-1.4011E+05
22350	-1.4011E+05
22400	-1.4012E+05
22450	-1.4012E+05
22500	-1.4012E+05
22550	-1.4012E+05
22600	-1.4012E+05
22650	-1.4013E+05
22700	-1.4013E+05
22750	-1.4013E+05
22800	-1.4013E+05
22850	-1.4013E+05
22900	-1.4014E+05
22950	-1.4014E+05
23000	-1.4014E+05
23050	-1.4014E+05
23100	-1.4014E+05
23150	-1.4014E+05
23200	-1.4014E+05
23250	-1.4015E+05
23300	-1.4015E+05
23350	-1.4015E+05
23400	-1.4016E+05
23450	-1.4016E+05
23500	-1.4016E+05
23550	-1.4016E+05
23600	-1.4016E+05
23650	-1.4016E+05
23700	-1.4017E+05
23750	-1.4017E+05
23800	-1.4017E+05
23850	-1.4017E+05
23900	-1.4017E+05
23950	-1.4017E+05
24000	-1.4017E+05
24050	-1.4017E+05
24100	-1.4018E+05
24150	-1.4018E+05
24200	-1.4018E+05
24250	-1.4018E+05
24300	-1.4018E+05
24350	-1.4018E+05
24400	-1.4018E+05
24450	-1.4018E+05
24500	-1.4018E+05
24550	-1.4019E+05
24600	-1.4019E+05
24650	-1.4019E+05
24700	-1.4019E+05
24750	-1.4019E+05
24800	-1.4020E+05
24850	-1.4020E+05
24900	-1.4020E+05
24950	-1.4020E+05
25000	-1.4020E+05
25000	-1.4020E+05
